0 0.109778 0.711340 0.023961 0.023196
0 0.331417 0.541237 0.049634 0.043814
0 0.386185 0.664304 0.138632 0.083763
0 0.520538 0.485180 0.088998 0.086340
0 0.667727 0.502577 0.164304 0.051546
0 0.629218 0.574742 0.100979 0.051546
0 0.710515 0.597294 0.037653 0.047680
0 0.756725 0.693943 0.054768 0.060567
0 0.601834 0.660438 0.128363 0.117268
0 0.832031 0.557345 0.034230 0.027062
0 0.813205 0.637242 0.034230 0.019330
0 0.872252 0.422680 0.094133 0.069588
0 0.919318 0.336340 0.085575 0.079897
0 0.559903 0.423969 0.109536 0.048969
0 0.968096 0.878866 0.063326 0.177835
0 0.483741 0.322809 0.090710 0.060567
