0 0.334391 0.387589 0.050225 0.037669
0 0.363468 0.353390 0.063442 0.036677
0 0.401137 0.306800 0.075337 0.042625
0 0.436162 0.248315 0.095163 0.058485
0 0.345625 0.263680 0.067407 0.033703
0 0.572958 0.478787 0.033043 0.035686
0 0.558419 0.375198 0.051546 0.062450
0 0.524716 0.444588 0.037008 0.034695
0 0.607983 0.549167 0.055511 0.033703
0 0.655564 0.629461 0.029077 0.027756
0 0.310600 0.579401 0.044938 0.032712
0 0.132831 0.657216 0.054190 0.031721
0 0.163891 0.607653 0.029077 0.013878
0 0.077980 0.753866 0.044938 0.036677
