0 0.135739 0.312500 0.123711 0.068299
0 0.055842 0.426546 0.111684 0.126289
0 0.455326 0.118557 0.134021 0.144330
0 0.286942 0.186856 0.206186 0.069588
0 0.398625 0.318943 0.137457 0.143041
0 0.498282 0.778351 0.171821 0.306701
0 0.738832 0.748711 0.309278 0.502577
0 0.758591 0.117912 0.345361 0.212629
0 0.117698 0.054768 0.159794 0.109536
0 0.290378 0.047680 0.085911 0.082474
0 0.712199 0.384021 0.029210 0.028351
0 0.885739 0.418170 0.067010 0.060567
0 0.711340 0.442655 0.037801 0.029639
0 0.278351 0.773840 0.027491 0.027062
0 0.038660 0.752577 0.036082 0.036082
0 0.188144 0.873711 0.032646 0.028351
0 0.140893 0.980670 0.044674 0.038660
0 0.304983 0.644974 0.039519 0.057990
