0 0.060997 0.184923 0.115120 0.125000
0 0.229381 0.244201 0.194158 0.176546
0 0.382302 0.112113 0.166667 0.121134
0 0.292955 0.507732 0.176976 0.067010
0 0.111684 0.509021 0.075601 0.028351
0 0.243127 0.857603 0.307560 0.163660
0 0.368557 0.642397 0.156357 0.099227
0 0.445876 0.454253 0.104811 0.117268
0 0.591924 0.423969 0.084192 0.090206
0 0.614261 0.617268 0.070447 0.064433
0 0.513746 0.724227 0.068729 0.128866
0 0.579038 0.845361 0.099656 0.069588
0 0.678694 0.725515 0.154639 0.064433
0 0.726804 0.871134 0.158076 0.136598
0 0.891753 0.820232 0.099656 0.086340
0 0.920962 0.964562 0.075601 0.070876
0 0.732818 0.543814 0.063574 0.048969
0 0.804983 0.605670 0.060137 0.051546
0 0.685567 0.093428 0.185567 0.145619
