0 0.371134 0.186856 0.075601 0.072165
0 0.367698 0.275129 0.079038 0.063144
0 0.384880 0.372423 0.140893 0.079897
0 0.392612 0.434923 0.228522 0.081186
0 0.256873 0.494201 0.063574 0.034794
0 0.386598 0.540593 0.072165 0.150773
0 0.591065 0.528995 0.044674 0.047680
0 0.465636 0.189433 0.058419 0.051546
0 0.555842 0.239691 0.063574 0.069588
0 0.554983 0.158505 0.061856 0.051546
0 0.619416 0.296392 0.053265 0.051546
0 0.038660 0.442010 0.053265 0.043814
0 0.072165 0.398196 0.054983 0.033505
0 0.090206 0.355026 0.049828 0.027062
0 0.154639 0.311211 0.082474 0.047680
0 0.195876 0.265464 0.037801 0.018041
0 0.233677 0.226160 0.044674 0.024485
0 0.286942 0.196521 0.030928 0.021907
