0 0.444158 0.708119 0.056701 0.068299
0 0.525773 0.786727 0.082474 0.078608
0 0.439003 0.385954 0.073883 0.063144
0 0.437285 0.275773 0.036082 0.056701
0 0.278351 0.072165 0.113402 0.072165
0 0.401203 0.124356 0.111684 0.083763
0 0.590206 0.243557 0.053265 0.043814
0 0.384021 0.852448 0.073883 0.050258
0 0.418385 0.556701 0.060137 0.077320
0 0.136598 0.545747 0.087629 0.024485
0 0.324742 0.463918 0.065292 0.030928
0 0.946735 0.768686 0.065292 0.106959
0 0.792955 0.438144 0.046392 0.046392
0 0.847938 0.391753 0.077320 0.038660
