0 0.160267 0.417526 0.104402 0.103093
0 0.119191 0.559278 0.118094 0.146907
0 0.311735 0.494201 0.082152 0.034794
0 0.413569 0.452320 0.107825 0.113402
0 0.472616 0.359536 0.082152 0.064433
0 0.563326 0.337629 0.088998 0.072165
0 0.582152 0.425902 0.061614 0.050258
0 0.529951 0.538660 0.073595 0.061856
0 0.463203 0.594072 0.094133 0.048969
0 0.401589 0.641753 0.087287 0.061856
0 0.507702 0.688144 0.138632 0.110825
0 0.447799 0.771263 0.118094 0.065722
0 0.513692 0.854381 0.174573 0.234536
0 0.788388 0.891108 0.049634 0.039948
0 0.860271 0.512887 0.066749 0.033505
