0 0.107210 0.255799 0.049634 0.042526
0 0.463203 0.440077 0.066749 0.039948
0 0.510269 0.413660 0.054768 0.051546
0 0.393887 0.503866 0.116382 0.074742
0 0.221025 0.496778 0.088998 0.052835
0 0.204766 0.593428 0.066749 0.065722
0 0.524817 0.501933 0.073595 0.060567
0 0.476895 0.587629 0.094133 0.054124
0 0.458068 0.659149 0.166016 0.083763
0 0.434107 0.762242 0.114671 0.076031
0 0.501712 0.817010 0.095844 0.074742
0 0.689121 0.811856 0.042788 0.030928
0 0.719072 0.538015 0.078729 0.037371
0 0.550489 0.923325 0.066749 0.070876
