0 0.207333 0.653995 0.123228 0.130155
0 0.233862 0.478737 0.193400 0.184278
0 0.373349 0.467139 0.106113 0.083763
0 0.449511 0.578608 0.066749 0.036082
0 0.393031 0.619845 0.063326 0.028351
0 0.445232 0.739691 0.143766 0.162371
0 0.501712 0.927835 0.112959 0.139175
0 0.552201 0.440722 0.124940 0.061856
0 0.320292 0.241624 0.143766 0.189433
0 0.084105 0.071521 0.164304 0.143041
0 0.701101 0.061211 0.059903 0.078608
0 0.909049 0.064433 0.174573 0.054124
0 0.887655 0.154639 0.166016 0.046392
0 0.562470 0.172680 0.186554 0.064433
0 0.915039 0.373711 0.097556 0.097938
0 0.576162 0.522552 0.056480 0.065722
