0 0.455501 0.334407 0.160881 0.073454
0 0.471760 0.511598 0.220784 0.141753
0 0.796945 0.536727 0.070172 0.037371
0 0.590710 0.715206 0.160881 0.144330
0 0.667727 0.616624 0.102690 0.045103
0 0.375916 0.832474 0.080441 0.048969
0 0.252688 0.888531 0.097556 0.045103
0 0.444376 0.705541 0.059903 0.027062
0 0.375916 0.748711 0.046211 0.033505
0 0.639487 0.826675 0.087287 0.047680
0 0.935577 0.647552 0.128363 0.096649
0 0.820906 0.854381 0.100979 0.087629
0 0.509413 0.985180 0.059903 0.029639
0 0.392175 0.225515 0.034230 0.025773
