0 0.433849 0.270619 0.056701 0.030928
0 0.510309 0.268686 0.054983 0.045103
0 0.590206 0.223582 0.080756 0.065722
0 0.402062 0.355026 0.058419 0.039948
0 0.376289 0.296392 0.089347 0.038660
0 0.329897 0.541237 0.061856 0.046392
0 0.390034 0.506443 0.075601 0.054124
0 0.421821 0.452964 0.101375 0.073454
0 0.497423 0.399485 0.060137 0.082474
0 0.557560 0.355670 0.063574 0.056701
0 0.629725 0.286727 0.125430 0.091495
0 0.800687 0.559923 0.085911 0.114691
0 0.731100 0.715206 0.042955 0.069588
0 0.816151 0.784149 0.051546 0.068299
0 0.829897 0.947809 0.061856 0.083763
