0 0.064433 0.067010 0.111684 0.054124
0 0.205326 0.040593 0.201031 0.081186
0 0.358247 0.063789 0.063574 0.073454
0 0.464777 0.085052 0.101375 0.090206
0 0.581615 0.076031 0.091065 0.085052
0 0.701890 0.106314 0.121993 0.091495
0 0.817010 0.141753 0.046392 0.064433
0 0.889175 0.219716 0.159794 0.076031
0 0.126289 0.610180 0.108247 0.073454
0 0.258591 0.672680 0.146048 0.128866
0 0.390034 0.706186 0.089347 0.077320
0 0.461340 0.652062 0.091065 0.095361
0 0.548969 0.635954 0.118557 0.081186
0 0.707045 0.609536 0.060137 0.064433
0 0.769759 0.581186 0.072165 0.059278
0 0.880584 0.538015 0.146048 0.065722
0 0.029210 0.786727 0.048110 0.047680
0 0.067010 0.846005 0.065292 0.045103
0 0.166667 0.823454 0.068729 0.048969
0 0.312715 0.802835 0.178694 0.090206
0 0.379725 0.934278 0.175258 0.131443
0 0.500000 0.754510 0.154639 0.088918
0 0.625430 0.712629 0.147766 0.067010
0 0.743127 0.700387 0.128866 0.114691
0 0.878866 0.652062 0.115120 0.064433
