0 0.031787 0.257088 0.053265 0.078608
0 0.155498 0.228737 0.146048 0.042526
0 0.334192 0.176546 0.170103 0.038660
0 0.629725 0.280928 0.070447 0.051546
0 0.603952 0.361469 0.104811 0.094072
0 0.523196 0.434923 0.135739 0.086340
0 0.419244 0.478737 0.103093 0.073454
0 0.393471 0.600515 0.113402 0.092784
0 0.503436 0.515464 0.085911 0.056701
0 0.597079 0.533505 0.070447 0.079897
0 0.701890 0.609536 0.077320 0.092784
0 0.311856 0.836340 0.104811 0.079897
0 0.341924 0.917526 0.123711 0.043814
0 0.341065 0.977448 0.056701 0.039948
0 0.128866 0.719072 0.051546 0.038660
