0 0.341686 0.496778 0.046211 0.029639
0 0.411858 0.469716 0.035942 0.024485
0 0.287774 0.583119 0.082152 0.045103
0 0.413569 0.562500 0.063326 0.039948
0 0.473472 0.527706 0.090710 0.057990
0 0.571883 0.471649 0.023961 0.025773
0 0.655747 0.451675 0.020538 0.037371
0 0.053298 0.829897 0.102690 0.059278
0 0.189363 0.871134 0.145478 0.092784
0 0.316014 0.807345 0.142055 0.088918
0 0.511125 0.801546 0.080441 0.046392
0 0.436674 0.937500 0.099267 0.125000
0 0.654891 0.652062 0.053057 0.025773
0 0.700246 0.601160 0.041076 0.027062
0 0.660881 0.706830 0.030807 0.032216
0 0.794378 0.479381 0.054768 0.097938
