0 0.048110 0.469072 0.096220 0.056701
0 0.100515 0.385309 0.142612 0.074742
0 0.281787 0.307990 0.130584 0.059278
0 0.640893 0.146907 0.109966 0.074742
0 0.393471 0.442010 0.189003 0.059278
0 0.752577 0.500000 0.487973 0.141753
0 0.420962 0.700387 0.082474 0.063144
0 0.207904 0.831830 0.130584 0.052835
0 0.236254 0.959407 0.132302 0.042526
0 0.469072 0.894974 0.065292 0.096649
0 0.628007 0.880155 0.084192 0.054124
0 0.774055 0.849871 0.067010 0.050258
0 0.568729 0.601160 0.072165 0.076031
0 0.776632 0.614691 0.089347 0.123711
