1 0.310137 0.545747 0.201031 0.106959
1 0.245704 0.681701 0.082474 0.061856
1 0.212199 0.765464 0.070447 0.061856
1 0.152921 0.614691 0.134021 0.095361
1 0.507732 0.670103 0.097938 0.118557
1 0.245704 0.404639 0.164948 0.043814
1 0.453608 0.407861 0.089347 0.068299
1 0.560997 0.440722 0.067010 0.061856
1 0.204467 0.258376 0.058419 0.027062
1 0.085911 0.331186 0.109966 0.061856
1 0.750000 0.434923 0.221649 0.088918
1 0.715636 0.531572 0.135739 0.050258
1 0.812715 0.653995 0.137457 0.096649
1 0.900344 0.596649 0.092784 0.059278
1 0.887457 0.766108 0.104811 0.076031
1 0.415808 0.268041 0.195876 0.115979
1 0.248282 0.105670 0.108247 0.072165
1 0.409794 0.081186 0.042955 0.038660
1 0.592784 0.344072 0.085911 0.095361
