1 0.082474 0.292526 0.103093 0.064433
1 0.130584 0.413660 0.096220 0.095361
1 0.132302 0.220361 0.068729 0.041237
1 0.263746 0.181057 0.139175 0.132732
1 0.440722 0.234536 0.101375 0.082474
1 0.288660 0.327964 0.195876 0.086340
1 0.125430 0.723582 0.130584 0.057990
1 0.195876 0.662371 0.079038 0.074742
1 0.277491 0.581830 0.111684 0.088918
1 0.594502 0.640464 0.137457 0.208763
1 0.747423 0.228093 0.226804 0.250000
1 0.255155 0.835052 0.097938 0.087629
1 0.104811 0.940722 0.082474 0.064433
1 0.364261 0.711985 0.130584 0.094072
1 0.494845 0.869201 0.072165 0.168814
