1 0.154961 0.481314 0.218428 0.233247
1 0.225999 0.325387 0.076353 0.099227
1 0.375805 0.394330 0.109214 0.136598
1 0.314916 0.488402 0.093750 0.157216
1 0.459890 0.451031 0.041559 0.079897
1 0.518847 0.414948 0.028028 0.061856
1 0.039948 0.828608 0.057990 0.115979
1 0.131765 0.864046 0.073454 0.140464
1 0.203286 0.812500 0.054124 0.068299
1 0.250644 0.883376 0.040593 0.068299
1 0.242429 0.966495 0.058956 0.046392
1 0.260309 0.802835 0.032861 0.046392
1 0.328930 0.911727 0.023196 0.088918
1 0.559439 0.918170 0.035760 0.050258
1 0.645941 0.916237 0.042526 0.067010
1 0.729059 0.743557 0.040593 0.061856
1 0.766269 0.921392 0.126611 0.131443
1 0.797197 0.736469 0.045425 0.073454
1 0.927191 0.837629 0.112113 0.167526
1 0.973582 0.702320 0.052191 0.095361
