1 0.195554 0.384665 0.284149 0.189433
1 0.153512 0.641753 0.244523 0.193299
1 0.387403 0.593428 0.178802 0.161082
1 0.471005 0.382088 0.222294 0.179124
1 0.565722 0.289948 0.117912 0.159794
1 0.766269 0.374356 0.234858 0.194588
1 0.507249 0.579897 0.070554 0.087629
1 0.658022 0.593428 0.136276 0.130155
1 0.508215 0.786082 0.126611 0.193299
1 0.645457 0.788015 0.087951 0.096649
1 0.737758 0.719072 0.096649 0.054124
1 0.805896 0.618557 0.111147 0.131443
1 0.925258 0.590206 0.085052 0.113402
1 0.817494 0.812500 0.053157 0.076031
1 0.939755 0.796392 0.102448 0.092784
1 0.566688 0.971005 0.131443 0.055412
1 0.707796 0.907861 0.023196 0.094072
