1 0.075601 0.271263 0.116838 0.070876
1 0.185567 0.222294 0.130584 0.068299
1 0.389175 0.152062 0.073883 0.023196
1 0.330756 0.246778 0.077320 0.039948
1 0.528351 0.213918 0.056701 0.033505
1 0.279210 0.163015 0.097938 0.037371
1 0.073024 0.577320 0.118557 0.074742
1 0.359107 0.525773 0.048110 0.041237
1 0.698454 0.268686 0.042955 0.029639
1 0.737113 0.449742 0.075601 0.059278
1 0.779210 0.526418 0.067010 0.076031
1 0.823883 0.576031 0.070447 0.043814
1 0.457904 0.654639 0.053265 0.030928
1 0.515464 0.615979 0.044674 0.030928
1 0.610825 0.489691 0.049828 0.023196
1 0.469931 0.752577 0.108247 0.067010
1 0.422680 0.826675 0.099656 0.063144
1 0.341065 0.904639 0.077320 0.059278
1 0.126289 0.797680 0.094502 0.067010
