1 0.064433 0.179124 0.125430 0.067010
1 0.083333 0.329253 0.121993 0.094072
1 0.233677 0.349871 0.058419 0.042526
1 0.247423 0.485825 0.089347 0.103093
1 0.172680 0.521263 0.046392 0.037371
1 0.128007 0.553479 0.063574 0.034794
1 0.256873 0.666237 0.187285 0.082474
1 0.221649 0.800258 0.072165 0.041237
1 0.296392 0.876289 0.053265 0.046392
1 0.401203 0.836340 0.039519 0.038660
1 0.496564 0.771263 0.068729 0.047680
1 0.536942 0.856314 0.097938 0.063144
1 0.459622 0.912371 0.073883 0.059278
1 0.567869 0.683634 0.180412 0.166237
1 0.671821 0.507732 0.134021 0.069588
1 0.803265 0.442010 0.101375 0.159794
1 0.910653 0.204253 0.178694 0.096649
