1 0.376289 0.297680 0.054983 0.051546
1 0.189003 0.368557 0.089347 0.054124
1 0.109966 0.412371 0.068729 0.036082
1 0.447595 0.420103 0.046392 0.038660
1 0.035223 0.610180 0.070446 0.042526
1 0.314433 0.793814 0.085911 0.051546
1 0.371134 0.751289 0.089347 0.048969
1 0.294674 0.865979 0.094502 0.056701
1 0.227663 0.929768 0.111684 0.065722
1 0.402921 0.836340 0.087629 0.082474
1 0.618557 0.472938 0.065292 0.036082
1 0.744845 0.346005 0.097938 0.083763
1 0.809278 0.270619 0.106529 0.056701
1 0.422680 0.679768 0.103093 0.060567
1 0.457904 0.606959 0.108247 0.056701
1 0.549828 0.541881 0.082474 0.063144
1 0.119416 0.595361 0.084192 0.059278
1 0.222509 0.576675 0.104811 0.070876
1 0.322165 0.547680 0.087629 0.072165
1 0.045533 0.947165 0.060137 0.072165
1 0.073024 0.858247 0.080756 0.072165
