2 0.281787 0.422680 0.158076 0.082474
2 0.507732 0.286082 0.146048 0.077320
2 0.779210 0.284149 0.108247 0.086340
2 0.900344 0.265464 0.164948 0.064433
2 0.837629 0.423325 0.108247 0.081186
2 0.939003 0.405928 0.084192 0.072165
2 0.656357 0.559278 0.123711 0.115979
2 0.456186 0.574098 0.159794 0.104381
2 0.441581 0.715206 0.130584 0.134021
2 0.130584 0.688144 0.116838 0.090206
2 0.842784 0.747423 0.108247 0.108247
2 0.624570 0.806701 0.111684 0.131443
2 0.713058 0.924613 0.151203 0.148196
2 0.932131 0.520619 0.101375 0.064433
2 0.585052 0.199742 0.094502 0.079897
