4 0.215636 0.085696 0.372852 0.137887
4 0.353093 0.215206 0.218213 0.082474
4 0.462199 0.348582 0.274914 0.140464
4 0.342784 0.525129 0.121993 0.140464
4 0.275773 0.658505 0.118557 0.115979
4 0.578179 0.498067 0.197595 0.132732
4 0.675258 0.671392 0.219931 0.164948
4 0.523196 0.709407 0.097938 0.060567
4 0.529210 0.840206 0.103093 0.108247
4 0.517182 0.079897 0.175258 0.121134
4 0.704467 0.193943 0.151203 0.189433
4 0.067010 0.309923 0.089347 0.150773
4 0.195017 0.355670 0.101375 0.118557
4 0.068729 0.549613 0.120275 0.119845
