3 0.468213 0.702964 0.060137 0.045103
3 0.342784 0.663015 0.042955 0.034794
3 0.323024 0.579253 0.061856 0.057990
3 0.632302 0.429768 0.030928 0.021907
3 0.722509 0.500644 0.080756 0.037371
3 0.703608 0.442010 0.036082 0.033505
3 0.759450 0.414304 0.027491 0.029639
3 0.176117 0.727448 0.139175 0.078608
3 0.262887 0.898196 0.072165 0.033505
3 0.371134 0.878866 0.044674 0.030928
3 0.691581 0.766753 0.039519 0.048969
3 0.418385 0.267397 0.073883 0.057990
3 0.647766 0.166881 0.041237 0.029639
3 0.903780 0.175902 0.068729 0.073454
3 0.086770 0.106314 0.029210 0.045103
