3 0.102234 0.559923 0.056701 0.047680
3 0.205326 0.573454 0.039519 0.023196
3 0.320938 0.386138 0.040501 0.030376
3 0.296392 0.410530 0.028228 0.022091
3 0.419735 0.315261 0.056456 0.054308
3 0.544919 0.387979 0.078547 0.034057
3 0.409917 0.449650 0.049092 0.024853
3 0.396416 0.487390 0.029455 0.021171
3 0.459622 0.479105 0.028228 0.034057
3 0.466986 0.546300 0.057683 0.041421
3 0.130707 0.477725 0.038046 0.040501
3 0.179799 0.804492 0.047865 0.036819
3 0.261414 0.705541 0.066274 0.034057
3 0.410530 0.697257 0.060137 0.039580
3 0.375552 0.770434 0.054001 0.047865
3 0.385984 0.819680 0.038046 0.017489
3 0.795901 0.537095 0.055228 0.034057
3 0.909426 0.555044 0.054001 0.038660
3 0.751718 0.421576 0.042955 0.025773
