3 0.547251 0.369845 0.042955 0.041237
3 0.603952 0.379510 0.046392 0.034794
3 0.563574 0.262887 0.048110 0.038660
3 0.358247 0.865979 0.042955 0.046392
3 0.313574 0.693299 0.042955 0.046392
3 0.146048 0.810567 0.065292 0.059278
3 0.136598 0.675258 0.060137 0.069588
3 0.317869 0.538660 0.085911 0.067010
3 0.383162 0.595361 0.065292 0.036082
3 0.385739 0.650129 0.049828 0.024485
3 0.420962 0.695232 0.034364 0.021907
3 0.578179 0.811211 0.142612 0.150773
3 0.879725 0.568299 0.061856 0.048969
3 0.890893 0.432990 0.046392 0.028351
3 0.352234 0.969072 0.068729 0.041237
3 0.194158 0.979381 0.072165 0.033505
3 0.313574 0.322809 0.032646 0.052835
3 0.032646 0.405928 0.065292 0.056701
3 0.091065 0.315077 0.061856 0.037371
