3 0.750000 0.679768 0.036082 0.037371
3 0.365979 0.510954 0.054983 0.042526
3 0.480241 0.535438 0.046392 0.042526
3 0.192440 0.540593 0.072165 0.037371
3 0.276632 0.966495 0.058419 0.036082
3 0.407216 0.847938 0.037801 0.036082
3 0.530928 0.782861 0.054983 0.045103
3 0.333333 0.251289 0.034364 0.046392
3 0.439863 0.251289 0.044674 0.043814
3 0.243986 0.201675 0.058419 0.037371
3 0.184708 0.230670 0.042955 0.030928
3 0.463058 0.077320 0.039519 0.036082
3 0.557560 0.289948 0.053265 0.041237
3 0.847938 0.350515 0.049828 0.043814
3 0.658076 0.149485 0.034364 0.025773
