3 0.201031 0.595361 0.127148 0.077320
3 0.024914 0.365335 0.049828 0.045103
3 0.145189 0.253222 0.077320 0.055412
3 0.186426 0.154639 0.091065 0.046392
3 0.445017 0.161727 0.068729 0.047680
3 0.560137 0.210052 0.068729 0.059278
3 0.448454 0.418814 0.054983 0.092784
3 0.212199 0.557990 0.063574 0.048969
3 0.463058 0.541881 0.073883 0.052835
3 0.483677 0.637242 0.042955 0.037371
3 0.379725 0.663015 0.092784 0.057990
3 0.303265 0.807345 0.087629 0.057990
3 0.205326 0.900129 0.091065 0.050258
3 0.460481 0.866624 0.061856 0.060567
3 0.496564 0.947165 0.048110 0.061856
3 0.577320 0.913015 0.037801 0.037371
3 0.603093 0.742268 0.089347 0.056701
3 0.682131 0.915593 0.027491 0.047680
3 0.886598 0.623711 0.051546 0.028351
3 0.955326 0.474227 0.089347 0.092784
3 0.417526 0.283505 0.134021 0.108247
3 0.416667 0.075387 0.139175 0.073454
3 0.226804 0.461340 0.089347 0.061856
3 0.378866 0.363402 0.032646 0.054124
3 0.270619 0.887242 0.091065 0.101804
3 0.243986 0.755155 0.058419 0.041237
