3 0.445876 0.288660 0.056701 0.043814
3 0.309278 0.202964 0.103093 0.037371
3 0.097938 0.135954 0.037801 0.037371
3 0.162371 0.587629 0.049828 0.043814
3 0.426976 0.601160 0.053265 0.055412
3 0.291237 0.637887 0.080756 0.092784
3 0.559278 0.679124 0.036082 0.046392
3 0.307560 0.884021 0.082474 0.046392
3 0.098797 0.637887 0.042955 0.041237
3 0.703608 0.452964 0.067010 0.034794
3 0.756014 0.187500 0.041237 0.034794
3 0.821306 0.122423 0.065292 0.028351
3 0.922680 0.793170 0.054983 0.032216
3 0.451890 0.844716 0.058419 0.055412
