3 0.123711 0.693299 0.103093 0.149485
3 0.059278 0.867268 0.118556 0.115979
3 0.372852 0.565077 0.120275 0.099227
3 0.316151 0.649485 0.130584 0.085052
3 0.322165 0.755155 0.087629 0.074742
3 0.264605 0.861469 0.164948 0.140464
3 0.382302 0.855026 0.104811 0.088918
3 0.554124 0.522552 0.190722 0.153351
3 0.520619 0.326031 0.161512 0.203608
3 0.479381 0.179768 0.130584 0.096649
3 0.382302 0.257732 0.132302 0.103093
3 0.555842 0.885309 0.094502 0.085052
3 0.654639 0.924613 0.068729 0.104381
3 0.857388 0.931701 0.082474 0.046392
