3 0.256443 0.585052 0.052191 0.082474
3 0.462790 0.607603 0.035760 0.047680
3 0.490818 0.411082 0.055090 0.072165
3 0.620812 0.349871 0.081186 0.140464
3 0.715528 0.396907 0.077320 0.103093
3 0.547841 0.753222 0.035760 0.091495
3 0.474871 0.818299 0.032861 0.067010
3 0.264175 0.709407 0.040593 0.050258
3 0.219716 0.855026 0.030928 0.057990
3 0.768202 0.284794 0.064755 0.077320
3 0.449742 0.096005 0.098582 0.073454
3 0.755638 0.621134 0.045425 0.087629
3 0.812661 0.496134 0.078286 0.087629
3 0.938789 0.637887 0.050258 0.072165
