3 0.304124 0.820876 0.048110 0.046392
3 0.541237 0.806057 0.051546 0.042526
3 0.617698 0.853093 0.042955 0.067010
3 0.666667 0.744201 0.116838 0.060567
3 0.598797 0.467139 0.084192 0.076031
3 0.531787 0.534794 0.063574 0.074742
3 0.691581 0.653351 0.070447 0.095361
3 0.670962 0.543814 0.077320 0.069588
3 0.236254 0.448454 0.053265 0.038660
3 0.335911 0.415593 0.049828 0.039948
3 0.681271 0.317010 0.084192 0.043814
3 0.858247 0.449742 0.067010 0.067010
3 0.860825 0.562500 0.058419 0.073454
3 0.190722 0.194588 0.130584 0.046392
3 0.560997 0.173325 0.032646 0.039948
