3 0.471649 0.334407 0.060137 0.045103
3 0.474227 0.456186 0.044674 0.041237
3 0.466495 0.561211 0.091065 0.065722
3 0.292955 0.408505 0.087629 0.046392
3 0.379725 0.262242 0.109966 0.042526
3 0.102234 0.463918 0.070447 0.051546
3 0.289519 0.501933 0.097938 0.060567
3 0.257732 0.719072 0.061856 0.059278
3 0.426976 0.666881 0.053265 0.055412
3 0.663230 0.605026 0.061856 0.045103
3 0.692440 0.466495 0.178694 0.105670
3 0.585911 0.650129 0.068729 0.045103
3 0.548969 0.744201 0.094502 0.081186
3 0.347079 0.771263 0.048110 0.055412
3 0.508591 0.877577 0.127148 0.064433
