3 0.137457 0.465206 0.082474 0.051546
3 0.032646 0.411727 0.065292 0.052835
3 0.027491 0.583763 0.054982 0.048969
3 0.473368 0.322165 0.073883 0.051546
3 0.679553 0.301546 0.053265 0.038660
3 0.728522 0.376289 0.068729 0.061856
3 0.743127 0.128866 0.049828 0.030928
3 0.853952 0.224871 0.051546 0.037371
3 0.869416 0.133376 0.044674 0.037371
3 0.447595 0.644330 0.056701 0.038660
3 0.514605 0.484536 0.053265 0.033505
3 0.426976 0.760954 0.067010 0.050258
3 0.266323 0.865335 0.034364 0.029639
3 0.369416 0.882732 0.054983 0.072165
3 0.751718 0.851804 0.070447 0.067010
3 0.631443 0.729381 0.042955 0.025773
3 0.871993 0.659149 0.067010 0.057990
3 0.872852 0.918170 0.054983 0.047680
