3 0.516323 0.307345 0.063574 0.047680
3 0.599656 0.106959 0.072165 0.056701
3 0.535223 0.075387 0.060137 0.034794
3 0.769759 0.086985 0.079038 0.052835
3 0.743986 0.271263 0.048110 0.029639
3 0.297251 0.360180 0.048110 0.039948
3 0.091924 0.454253 0.067010 0.037371
3 0.150344 0.666881 0.053265 0.047680
3 0.175258 0.775773 0.034364 0.028351
3 0.126289 0.882732 0.029210 0.046392
3 0.472509 0.650773 0.068729 0.048969
3 0.567010 0.592784 0.068729 0.054124
3 0.834192 0.498711 0.032646 0.028351
3 0.657216 0.827320 0.060137 0.036082
