3 0.271478 0.507732 0.082474 0.069588
3 0.423540 0.384021 0.039519 0.046392
3 0.493986 0.223582 0.032646 0.029639
3 0.347938 0.518041 0.060137 0.054124
3 0.346220 0.686211 0.029210 0.024485
3 0.853093 0.423325 0.042955 0.029639
3 0.362543 0.081830 0.044674 0.045103
3 0.916667 0.496778 0.056701 0.037371
3 0.770619 0.482603 0.053265 0.032216
3 0.508591 0.449742 0.044674 0.036082
3 0.313574 0.367268 0.042955 0.036082
3 0.375430 0.159149 0.166667 0.088918
3 0.655498 0.096649 0.183849 0.085052
3 0.390893 0.780284 0.067010 0.057990
