3 0.262027 0.502577 0.170103 0.162371
3 0.185567 0.244201 0.109966 0.104381
3 0.164089 0.111469 0.218213 0.094072
3 0.544674 0.049613 0.168385 0.083763
3 0.670103 0.146907 0.189003 0.141753
3 0.882302 0.126933 0.125430 0.078608
3 0.896048 0.253866 0.149485 0.128866
3 0.268041 0.765464 0.099656 0.069588
3 0.587629 0.793814 0.106529 0.103093
3 0.546392 0.876933 0.099656 0.086340
3 0.374570 0.844716 0.134021 0.189433
3 0.908935 0.965206 0.061856 0.067010
3 0.918385 0.830541 0.101375 0.163660
3 0.912371 0.612758 0.058419 0.050258
3 0.427835 0.148196 0.144330 0.118557
