3 0.287854 0.255155 0.037693 0.041237
3 0.160277 0.364691 0.029961 0.033505
3 0.147229 0.442010 0.042526 0.087629
3 0.193621 0.561856 0.023196 0.033505
3 0.320232 0.471649 0.030928 0.051546
3 0.326997 0.393686 0.013531 0.042526
3 0.390786 0.365335 0.030928 0.032216
3 0.381604 0.237113 0.026095 0.048969
3 0.396585 0.541881 0.052191 0.070876
3 0.546875 0.471005 0.031894 0.065722
3 0.511115 0.353737 0.057023 0.039948
3 0.780767 0.191366 0.029961 0.068299
3 0.403834 0.837629 0.041559 0.041237
3 0.581186 0.909794 0.042526 0.048969
3 0.501450 0.824742 0.024162 0.038660
3 0.673003 0.511598 0.023196 0.041237
