3 0.216817 0.385309 0.040593 0.043814
3 0.242429 0.297680 0.031894 0.059278
3 0.161244 0.571521 0.028028 0.034794
3 0.139981 0.724227 0.053157 0.100515
3 0.240013 0.202320 0.032861 0.046392
3 0.442010 0.304124 0.028995 0.043814
3 0.438144 0.537371 0.057990 0.061856
3 0.455058 0.878866 0.028028 0.038660
3 0.288821 0.935567 0.026095 0.036082
3 0.714079 0.892397 0.026095 0.037371
3 0.618879 0.868557 0.036727 0.069588
3 0.800097 0.837629 0.076353 0.043814
3 0.800580 0.551546 0.042526 0.056701
3 0.746939 0.300258 0.029961 0.051546
3 0.816527 0.333119 0.041559 0.063144
3 0.907861 0.650773 0.036727 0.054124
3 0.966817 0.482603 0.030928 0.037371
3 0.910277 0.155928 0.026095 0.023196
3 0.866302 0.099227 0.017397 0.025773
