3 0.149485 0.739691 0.134021 0.085052
3 0.318729 0.742912 0.060137 0.042526
3 0.274055 0.853737 0.091065 0.104381
3 0.484536 0.868557 0.161512 0.136598
3 0.665808 0.793814 0.128866 0.141753
3 0.634021 0.300258 0.075601 0.074742
3 0.352234 0.236469 0.075601 0.037371
3 0.270619 0.322165 0.060137 0.043814
3 0.207904 0.181057 0.048110 0.027062
3 0.358247 0.495490 0.063574 0.050258
3 0.259450 0.552191 0.068729 0.037371
3 0.810997 0.551546 0.130584 0.110825
3 0.751718 0.387887 0.056701 0.046392
3 0.618557 0.387887 0.061856 0.030928
3 0.859107 0.193943 0.044674 0.042526
3 0.845361 0.251933 0.058419 0.037371
3 0.501718 0.667526 0.048110 0.051546
3 0.468213 0.527062 0.049828 0.056701
