3 0.388316 0.361469 0.085911 0.065722
3 0.373711 0.475515 0.046392 0.054124
3 0.089347 0.667526 0.109966 0.054124
3 0.108247 0.468428 0.109966 0.083763
3 0.250000 0.266753 0.039519 0.033505
3 0.779210 0.225515 0.049828 0.030928
3 0.812715 0.317655 0.041237 0.042526
3 0.565292 0.631443 0.048110 0.043814
3 0.502577 0.813789 0.218213 0.143041
3 0.736254 0.546392 0.039519 0.028351
3 0.841924 0.577964 0.051546 0.042526
3 0.968213 0.191366 0.060137 0.042526
3 0.361684 0.922680 0.077320 0.048969
3 0.210481 0.817010 0.070447 0.054124
