3 0.162371 0.634665 0.046392 0.039948
3 0.109107 0.443299 0.166667 0.113402
3 0.340206 0.195232 0.178694 0.068299
3 0.553265 0.264175 0.089347 0.072165
3 0.644330 0.172036 0.061856 0.073454
3 0.753436 0.208119 0.032646 0.024485
3 0.803265 0.251289 0.063574 0.030928
3 0.719072 0.306701 0.070447 0.048969
3 0.587629 0.461340 0.072165 0.051546
3 0.369416 0.783505 0.068729 0.054124
3 0.539519 0.861469 0.089347 0.050258
3 0.963058 0.809278 0.056701 0.030928
3 0.922680 0.362758 0.044674 0.034794
3 0.715636 0.394974 0.053265 0.027062
