3 0.245704 0.390464 0.144330 0.069588
3 0.395189 0.360825 0.048110 0.036082
3 0.384021 0.421392 0.046392 0.033505
3 0.270619 0.487113 0.108247 0.046392
3 0.292096 0.691366 0.120275 0.060567
3 0.502577 0.557990 0.156357 0.090206
3 0.495704 0.407861 0.084192 0.076031
3 0.536082 0.211340 0.058419 0.030928
3 0.631443 0.156572 0.036082 0.027062
3 0.589347 0.114691 0.034364 0.020619
3 0.732818 0.039948 0.042955 0.046392
3 0.750000 0.163660 0.042955 0.038660
3 0.856529 0.172036 0.067010 0.065722
3 0.677835 0.312500 0.060137 0.078608
3 0.794674 0.344072 0.156357 0.110825
3 0.652062 0.577320 0.084192 0.097938
3 0.762027 0.630799 0.077320 0.130155
3 0.918385 0.476804 0.070447 0.056701
