3 0.341065 0.615979 0.053265 0.043814
3 0.640893 0.507088 0.054983 0.047680
3 0.642612 0.743557 0.051546 0.046392
3 0.592784 0.794459 0.058419 0.032216
3 0.243127 0.796392 0.039519 0.041237
3 0.310997 0.211340 0.051546 0.025773
3 0.423540 0.179768 0.036082 0.029639
3 0.596220 0.172680 0.134021 0.051546
3 0.438144 0.338918 0.044674 0.030928
3 0.531787 0.331830 0.056701 0.027062
3 0.506014 0.250644 0.029210 0.045103
3 0.712199 0.338273 0.042955 0.034794
3 0.190722 0.132088 0.058419 0.029639
3 0.791237 0.124356 0.053265 0.060567
3 0.849656 0.153351 0.042955 0.064433
