3 0.264175 0.163660 0.036727 0.036082
3 0.159794 0.203608 0.032861 0.030928
3 0.396102 0.422036 0.029961 0.042526
3 0.598099 0.477448 0.026095 0.042526
3 0.257893 0.715851 0.029961 0.032216
3 0.123067 0.451675 0.019330 0.032216
3 0.511115 0.708763 0.033827 0.054124
3 0.553157 0.894974 0.044459 0.034794
3 0.769169 0.833763 0.026095 0.054124
3 0.773035 0.905928 0.028028 0.054124
3 0.895296 0.794459 0.034794 0.060567
3 0.771585 0.770619 0.038660 0.051546
3 0.916076 0.248711 0.039626 0.043814
3 0.933956 0.362758 0.038660 0.060567
3 0.953286 0.294459 0.048325 0.047680
3 0.850838 0.070876 0.030928 0.038660
3 0.326997 0.279639 0.023196 0.046392
