3 0.798110 0.620490 0.067010 0.047680
3 0.486254 0.453608 0.054983 0.036082
3 0.650344 0.515464 0.042955 0.038660
3 0.414948 0.690077 0.036082 0.027062
3 0.296392 0.674613 0.053265 0.037371
3 0.354811 0.726804 0.046392 0.033505
3 0.401203 0.869201 0.053265 0.047680
3 0.397766 0.943299 0.067010 0.036082
3 0.171821 0.295747 0.044674 0.021907
3 0.042096 0.318943 0.056701 0.029639
3 0.054124 0.255155 0.029210 0.023196
3 0.481959 0.193943 0.080756 0.081186
3 0.642612 0.182345 0.054983 0.039948
3 0.698454 0.221005 0.042955 0.047680
3 0.053265 0.415593 0.072165 0.047680
3 0.828179 0.161727 0.054983 0.042526
