3 0.342461 0.458763 0.038660 0.072165
3 0.391753 0.548325 0.028995 0.047680
3 0.448293 0.488402 0.031894 0.059278
3 0.564272 0.494201 0.024162 0.045103
3 0.681218 0.475515 0.033827 0.038660
3 0.836340 0.414304 0.021263 0.045103
3 0.766269 0.229381 0.020296 0.038660
3 0.442494 0.847938 0.029961 0.036082
3 0.371456 0.753222 0.042526 0.034794
3 0.560406 0.844072 0.029961 0.048969
3 0.202320 0.791237 0.021263 0.046392
3 0.291720 0.890464 0.024162 0.043814
3 0.273840 0.764175 0.038660 0.054124
3 0.720361 0.576031 0.019330 0.028351
3 0.710213 0.677835 0.053157 0.067010
3 0.909794 0.940077 0.065722 0.070876
