3 0.244845 0.480670 0.067010 0.100515
3 0.451890 0.353737 0.058419 0.045103
3 0.391753 0.164948 0.068729 0.051546
3 0.273196 0.250644 0.048110 0.029639
3 0.508591 0.161082 0.044674 0.033505
3 0.457904 0.059278 0.042955 0.036082
3 0.365120 0.025129 0.046392 0.029639
3 0.580756 0.567655 0.120275 0.081186
3 0.710481 0.630155 0.039519 0.036082
3 0.817869 0.404639 0.030928 0.023196
3 0.699313 0.273196 0.079038 0.061856
3 0.852234 0.362758 0.030928 0.021907
3 0.927835 0.489046 0.048110 0.034794
3 0.062715 0.925902 0.025773 0.027062
3 0.047251 0.342784 0.067010 0.030928
3 0.880584 0.052835 0.056701 0.041237
3 0.660653 0.576675 0.049828 0.029639
