3 0.660653 0.442655 0.060137 0.050258
3 0.451031 0.360825 0.049828 0.036082
3 0.586770 0.330541 0.067010 0.045103
3 0.648625 0.262887 0.104811 0.077320
3 0.745704 0.348582 0.061856 0.047680
3 0.842784 0.588918 0.101375 0.079897
3 0.538660 0.636598 0.046392 0.048969
3 0.408935 0.646907 0.041237 0.038660
3 0.377148 0.502577 0.077320 0.036082
3 0.302405 0.762242 0.044674 0.027062
3 0.454467 0.848582 0.063574 0.065722
3 0.679553 0.744201 0.049828 0.045103
3 0.723368 0.796392 0.037801 0.038660
3 0.778351 0.873711 0.051546 0.033505
3 0.980241 0.775773 0.039518 0.033505
