3 0.419244 0.502577 0.054983 0.048969
3 0.176976 0.344072 0.099656 0.043814
3 0.270619 0.409794 0.049828 0.051546
3 0.131443 0.433634 0.056701 0.050258
3 0.617698 0.066366 0.060137 0.042526
3 0.543814 0.102448 0.091065 0.060567
3 0.378007 0.105670 0.061856 0.059278
3 0.629725 0.627577 0.046392 0.038660
3 0.566151 0.650773 0.025773 0.036082
3 0.577320 0.749356 0.051546 0.052835
3 0.515464 0.550258 0.051546 0.046392
3 0.657216 0.476160 0.049828 0.032216
3 0.911512 0.501933 0.046392 0.029639
3 0.474227 0.936211 0.109966 0.076031
3 0.638316 0.909794 0.063574 0.043814
